286
36797
46035
32698
41306
38799
27207
39504
24467
11613
16634
15927
41074
53637
570560
47690
68826
42974
42701
335028
267167
35753
38035
39245
31776
553410
32166
26513
54856
50881
36829
57611
57913
35363
54794
328233
246365
33754
43251
26383
34299
561923
35464
47287
44420
61221
48712
46766
58014
51616
48937
41720
38094
40807
47628
533307
27412
29010
25964
31557
23446
37737
58519
57582
67760
308995
99017
220205
30129
31113
34405
38194
351464
243702
32866
28046
64558
44287
34398
55305
470099
120882
29548
34460
28773
32256
558345
30384
20853
20671
18215
29610
57288
43839
45529
38005
62868
54393
532821
46172
43711
31055
40473
36774
548238
22080
47151
